8 nodes Time: 186.505785 secs
[[0 0 0 ..., 0 0 0]
 [0 0 0 ..., 0 0 0]
 [0 0 0 ..., 0 0 0]
 ..., 
 [0 0 0 ..., 1 1 1]
 [0 0 0 ..., 1 1 1]
 [0 0 0 ..., 1 1 1]]
4 nodes Time: 427.658697 secs
[[0 0 0 ..., 0 0 0]
 [0 0 0 ..., 0 0 0]
 [0 0 0 ..., 0 0 0]
 ..., 
 [0 0 0 ..., 1 1 1]
 [0 0 0 ..., 1 1 1]
 [0 0 0 ..., 1 1 1]]
2 nodes Time: 1278.746970 secs
[[0 0 0 ..., 1 1 0]
 [0 0 0 ..., 1 1 0]
 [0 0 0 ..., 1 1 0]
 ..., 
 [0 0 0 ..., 1 1 1]
 [0 0 0 ..., 1 1 1]
 [0 0 0 ..., 0 0 1]]
16 nodes Time: 83.230051 secs
[[0 0 0 ..., 0 0 0]
 [0 0 0 ..., 0 0 0]
 [0 0 0 ..., 0 0 0]
 ..., 
 [0 0 0 ..., 1 1 1]
 [0 0 0 ..., 1 1 1]
 [0 0 0 ..., 1 1 1]]
